1000
759654.6548326447 155702.13434426428
646012.7870183536 839378.9330397929
428433.223988992 742346.5906426139
531247.1484514412 667251.0144725648
405401.50551663124 125842.2630147068
952551.1304917597 705965.3606275938
956332.3820315364 891707.7053273414
828265.8207214156 944202.8042741492
678440.2367096199 971929.958922618
660350.8438404348 796307.6622549056
17303.794577252505 324096.8212561182
455190.0470553013 442736.06309335533
701321.3252746593 4470.218229915224
444934.5169551684 24353.741760656078
811259.3234733411 65889.7143075049
228959.77233664767 646424.8537269756
976010.4201856965 887617.6013477097
487272.41557591106 482192.00346557255
141555.60609540262 523200.7668581581
144369.25501698573 770378.1500118633
918634.6816548373 617880.2784629189
306497.61170330923 139794.67024655567
472701.2228550823 586983.9217700078
554772.367667454 152563.0976982494
535058.1426255628 578417.134159702
29184.933827118177 695368.8310780026
77219.56398372754 144101.97490289088
590939.1976055293 513304.7644176578
900790.3946436085 569140.0229715654
593039.1854452116 135329.75685350923
952195.642560077 338431.10209768603
474183.15168262116 350026.21276032086
779994.0703449409 349027.02348846017
523458.6452451857 872159.8866579368
653937.7113491897 880619.8699309251
799135.4231550635 283578.61254008365
561906.3911931701 615323.9721692868
555372.1742094085 8434.155132893584
668336.7697550923 696009.412917388
731807.8180523809 190616.07609002263
673822.8210178632 228009.21302982047
482651.416816095 15449.183888846752
658746.5088512792 21630.96009889298
766874.9572600974 217348.3255979538
554042.9610749746 459138.9693904162
686942.9484156092 864026.3418831509
346474.2801720969 356846.27345101716
824296.2783365644 675782.6904234749
657092.0636422811 313190.47329663386
398964.6882197765 809942.4097531721
346455.34634023 119048.95499699841
600849.9749616458 300655.00283410016
168940.51522274944 857782.8436596453
604923.3499275122 595044.0872062256
755168.7745610427 761115.7696393973
761924.0326475338 914670.1485924155
833220.7219972886 315234.88404617814
897502.374664673 403561.81656789867
797106.2691447784 633424.0136616006
484209.9563342934 952975.1643556693
546210.1405205049 78861.98891618478
190718.18136336317 373001.9546074461
854683.3050416965 190333.4144931006
432031.97835083585 462384.7243661517
547676.5496303133 298012.8716603131
393438.5717586525 637458.2577539353
332506.36609512876 541161.4010030223
21054.85901270254 971778.7870245428
459789.08367889083 19899.7037805011
303577.7229475933 859638.0467192729
881049.5758666423 675069.391490667
865040.5058966045 885017.8309420047
451787.1747381993 563379.0072659984
272808.25328568235 581368.8203374643
660907.4768706143 150695.38549578298
605505.9811058377 275895.5618018517
559710.9081798759 145100.04913746487
883846.834753137 52300.99691023093
415608.8128990687 642495.7864898753
842441.4157935426 122623.53617958643
87537.79636964365 280600.63213840657
967397.375251423 404234.83719916677
255929.61471808684 350064.5951835413
56283.974884041796 39816.17601999676
488051.99304005475 861555.2515987799
838336.7204838638 249017.99703629367
808467.8008437625 893200.9479604044
593932.5776945654 588556.4758947708
241963.23974843105 87362.00771659196
40943.858586134804 180458.61564210663
196386.05250519124 787833.2606447831
875605.8147492496 102216.47497636688
763659.4786127534 59638.31283958243
80261.53425464632 316584.309589113
672296.3584254383 210040.6785198511
181440.8977390293 608510.0789770426
479173.634625182 637897.5153934944
449311.49997915764 407823.686017068
462399.28427579824 104907.21784904745
349297.2243883299 132875.58797728506
346553.1004291401 221024.24105341188
289922.72020014544 950398.0934517754
10513.801516168542 537774.5205823808
626255.2403383558 609759.8953218301
848528.841997662 193120.4649804118
489714.32011446636 133817.86172386867
288876.292496001 282554.0240317415
454312.2990614804 7026.961582599744
92405.689164056 766175.7384866562
231530.48442322345 271425.7924358939
644258.5004646473 307765.7407327276
953469.274732526 725226.7636078951
198844.70834424483 924105.8272672707
429896.4060054538 144614.31878145537
516815.576909131 866298.8312780911
829737.3677201602 987308.959993431
571854.160178385 975158.6962553783
480639.4150140231 845393.756008497
347765.50840354845 441986.8758882557
225882.64273837177 406926.2393038854
602808.9913841268 272948.6775899512
527469.3931540804 972461.6604083292
370792.2485504078 669222.5639198396
708566.0143276635 442859.5673790019
844674.9847982805 459078.7414304116
905248.5431946038 925076.3984958846
820976.8011553821 418075.9522520455
200987.93518409706 288671.49258695036
625642.2902395151 679613.6390347496
912152.355693964 728974.4083785949
483006.9531485183 357108.60677803546
471200.9489036432 330125.87968432193
40735.20300277356 267173.3098784336
525115.0669385786 926633.5257682801
226776.85324965668 978468.2499943323
254295.65973237946 4795.439179786976
979593.7825425438 188764.02993386888
157293.1614810208 413504.5552662493
299952.0873846676 826424.1685358789
602996.9948089625 68680.81947839199
782904.851140589 413445.1441384651
835697.654716969 750226.0989408443
489063.09602021106 659758.1890043877
433215.7515219725 231707.04011134003
702934.0391699107 193902.954637463
615195.6488584649 343837.065618132
92226.14589533895 122337.05939238204
606804.3285354787 683318.0659519375
986176.447745843 946463.2708758841
545974.8594271414 929405.1754006265
185561.7745240794 168341.22396287642
612996.9721600743 707163.432400189
793484.7656942074 767575.2011396431
563982.4057586967 165290.94238328302
516841.06383963855 616842.875799068
953412.8012536062 423229.0088568693
470580.3511845298 626254.7707046145
347668.72760610725 564321.4888109227
476933.3353825104 261139.82344500962
322323.0968395755 31423.96588053986
729414.2738666754 158785.12162882963
767123.3556456369 150216.46631264364
418740.94810850295 476587.79727591784
546496.645220377 272494.56496331445
766579.3288717227 134417.43521646244
780180.2903745893 209273.83838492518
172987.0391057933 801455.7145951977
603760.6170952764 90382.45095893716
190457.3315157958 208657.14314448947
753914.6385350985 441340.4776554022
231130.82209080982 872166.3615731356
807256.4259828345 27854.96128741638
488983.1767868655 742019.921641455
11050.904033270803 516077.1438249648
83398.1148978451 125717.14559986557
223105.29724909778 693189.9144569177
107499.81464738268 64763.46959476431
612816.92085307 643546.4581593652
344262.5545229655 778420.0414055391
528757.7948167311 380621.8536093783
874010.89276242 223556.58196873197
33452.101999771556 640649.5643492141
820411.8079570521 784362.3051214524
243101.9793328033 932385.9656368652
503464.73358929367 329872.9656110091
676543.9073375883 30330.418897508203
962854.8177717731 172775.71188933204
888917.6640803517 729004.5602659326
621623.0407195878 199487.41824766857
369344.9625701566 946844.1593464136
189511.79749802916 752813.6953602814
622571.2658161039 584309.1832781191
514611.0009698752 707045.2584945783
207330.8929377622 449285.9885844619
322618.25843415246 468212.4294653092
269643.73544549814 375399.93307415175
649442.3904465484 738865.0629736251
576766.6179035953 318345.99951998034
212854.2642225123 407546.8341477034
655703.0583914893 146090.57838613103
649562.9636607401 332430.4141334865
775101.410026732 525277.7435802545
71312.44833065043 473725.0283830422
417264.7042176917 532596.1383510192
324180.38999839517 10134.980788946257
312055.8016714989 110986.23497904425
136353.57552356942 523033.9981382915
985351.4877367428 410296.5169972897
90994.25179313992 303145.03557787696
290990.1097717531 463463.8025898135
313996.7124417418 35302.20006937634
440000.2456918001 344207.90364205244
136380.51965919085 618436.5457293935
810438.068110674 904911.429442127
597289.8494463586 893236.8076883174
139756.76370543765 879791.153484178
416272.3115137073 366959.9251068756
461413.18871288386 708490.249281538
242481.84392438954 271291.33506392135
492729.645220119 447359.5795267629
532054.4124061796 706731.4904198315
256280.0786320276 62882.176206196185
734435.1288884718 506890.40333701693
151304.19727675614 478397.20446131786
529921.3921187314 853458.4199008408
764073.0317939696 501978.09595667495
704767.4854835266 124055.36766277526
72652.14735066793 491069.5208044594
129093.33728091532 401455.09567262547
670600.8444709618 926188.3984367128
912996.3918612247 408966.95645034075
654600.4906812485 981301.650810287
442232.75037803024 561088.347041553
818015.4696969704 524112.0372465682
923578.1459315757 471377.9018098082
361780.78110961773 42462.2959408939
317410.395480224 638005.1480139277
479070.0665844271 644336.5129130085
204500.3603197073 604764.4221225387
842424.754680374 888079.9756815993
79254.27819722997 294507.6722348914
218560.13559829246 753391.2543990908
971180.9444550186 292869.94623555965
987754.1452201293 810313.8923909707
161423.94630781998 285212.5574068465
219096.68085594915 227040.96279030928
82822.09870324608 762218.5274379189
339699.84550723986 838221.4582933823
139536.1143356948 532136.7771380616
123523.76953496324 427347.9706015839
14744.7783345952 669219.8931818265
480050.3592668092 345119.10286725103
192949.98842149103 652395.349154732
456682.4368330293 567409.9291251729
386137.2324578335 539433.0720885424
62562.57419341882 412694.2232155749
353452.9985898872 257365.50455369166
175220.44686783422 257973.15036623925
865330.5484622428 740786.6354828811
821179.4961997927 26747.986650892843
513867.94729744643 610990.7957029556
567400.4474897967 781282.2453651698
869703.2310853448 290830.65909194085
601539.9919815253 239146.32150975513
97261.5677085219 78463.59439403028
62221.400299196095 210270.377458177
889083.4826468055 331438.43878272973
320560.75747307524 258300.0912077632
728755.2183785323 388974.76862181467
155666.4944285464 937750.7184737356
343760.92452340556 357480.7709651575
408266.9632988234 785391.2618429972
173039.84506598013 748315.8814058081
31790.861234236356 17421.603007264697
979790.5411039797 328503.03765788523
595051.2697429513 141561.36754735903
463204.57824587304 996865.4192454581
954226.9560192236 59953.96563007449
74467.17854778229 111217.1203011032
842206.2451010369 880241.3275029341
969203.9190479013 125637.54893240497
266271.9065652872 239627.71770640535
97316.1329783181 522850.88576233695
713400.7510036037 700131.6655139518
321547.1118746199 770551.647158569
351434.44869747054 302448.19331653015
429221.8299838233 622874.93328364
587168.6919484476 453372.14464696776
337452.1138495915 703004.0948783713
151828.23372445087 553445.688173997
732576.7467347162 322253.755309025
696209.8470144337 700776.1921173749
651664.0108870256 528624.2135966553
84216.15915580017 636210.8400361264
383611.8541592598 886380.2761884249
353868.88102783845 660997.4723016359
781157.614562301 407061.3841581231
130806.18455900828 14570.153824565501
275726.7682938592 88434.50158299603
604931.3325771263 775667.6711217129
264371.23386630625 881485.3561826661
877580.6371927056 501054.33709786227
156519.7028831825 713956.8221618579
414797.55184972554 804947.6836415903
479726.6658988599 804636.9840932126
506459.18005518976 343612.7535003637
189147.08225475563 452928.7848143594
916157.814924825 625447.334259797
767674.2781899157 972304.2566080843
36010.05631282761 376903.95312478585
638479.3050795269 321072.466214101
205051.0536438881 583859.724014678
152754.54265042697 461111.00143901975
636904.7850655897 728102.1317984819
657578.6098263838 180504.03489389067
445054.9704230998 222211.0114106197
999899.2211074003 2377.0494926131923
301443.0583381046 196501.3207245895
770197.1019928232 225249.030421228
951303.935581522 281449.0481458391
713697.1397548884 454066.4124118378
493268.6833019736 395240.0690279092
82095.60276535133 207829.14000094897
657939.0610642628 868671.4466950839
878869.3279190485 204465.59183835855
108742.71711997373 382433.2006851242
486624.38042114576 8185.125668047189
766034.7592094959 813496.8425366008
906102.9587058444 863030.2916729811
345076.50198391924 537163.6228070648
592936.2718148262 937317.209643008
164563.16308876374 850682.2456268364
93021.77346552654 720273.2750509693
191819.21803909828 540554.7877441675
666965.4653360877 576425.0348388756
892730.1955346636 557838.7450900013
348879.4262469217 738923.2965662057
270852.7474840954 677005.8742880337
922461.4284611755 183217.17418846738
884884.0460558907 826048.3703385155
639464.3554535151 890105.7137988128
789115.7148128663 319241.77277031797
469216.144371291 914038.9951112597
137311.50506412072 827831.3864946457
220114.8831806635 538615.2335799328
254968.39717684194 908081.2420624817
146568.98917759332 632850.327124518
289359.8304284238 771286.1475186256
644449.6833156178 128155.0339387747
421304.8759753426 794474.236033657
675597.8801929596 500219.17116808245
356762.1346832669 22965.243806060465
396970.1781390645 127347.80276169632
579451.3294859879 244287.7358255674
203390.9639865059 382731.43023227784
529841.4758826363 352464.1949532301
44635.88025584331 187851.50200932843
537491.1460996557 243513.10834197036
425322.51585186785 547245.3569231561
867239.06425745 466413.11851107905
303531.3446265301 584526.5769419277
881693.0407159732 278598.1149777127
72930.5178513846 269577.0332621142
12063.243757639231 165586.9905742371
287890.2051180369 177292.7564074863
690162.2304693242 845190.3418090045
97633.79597267418 785030.670990764
624201.2180500928 506777.22032111784
292940.60037150857 18478.181979739493
591317.5776462094 527012.1000627063
315283.1051879632 707768.8790102566
88315.6863157254 443755.4072330205
390073.21242052194 686025.6692014703
98300.49365461513 686930.7869733823
560.3409263835734 838318.6962319486
534052.6080044851 889617.4873317815
706709.2574747434 479673.3883441889
660687.8379611175 185256.656660441
12544.488923587394 643526.8297503954
3167.479420884578 981811.5590626418
372084.41738612705 199673.2239878536
924393.3080539167 263871.90997184365
942454.3048178114 619704.4339727188
589439.5022452245 447509.42711684795
491244.9379006869 811274.2893234583
950078.9279169684 68031.67288872226
721203.0969959934 330463.23183722614
465617.5355732017 352038.77373592474
102845.21052263495 727115.6214235321
492262.8222990989 730903.4261148361
44537.310644815254 833204.5961885162
245883.28323906017 727223.7438289716
359332.10727826937 420352.4600465667
921197.543004709 195367.9822491916
18706.365124427914 862583.0336195291
513425.75176530535 102906.91519179607
42218.728229322485 554668.0746481679
167751.3949065762 992723.586794587
135109.91091877987 734338.2522751321
247628.509868701 205187.11103870414
760421.1669367774 204380.05891563106
107801.27360608283 686712.8949637528
777692.004401108 197396.33348956975
795962.9431963068 676420.4371634494
216116.50276059625 985955.4162665794
736136.1944281901 271041.15298704844
515814.96793906856 662142.0404084744
855054.8608376671 594497.9779771997
816387.8475223314 793174.9177373971
233471.57020045206 168745.70386558364
678669.6328240453 723657.0621575724
257856.34248009647 698105.5652247717
118888.79887811444 475852.2887083132
733771.3347395726 761905.3638683348
836916.2984983173 796903.3342893586
2100.32127820603 503967.46145798656
552265.4592601545 921924.55840076
523851.6863420888 507264.79093369725
589037.9446139798 215263.44674592058
422057.74460094946 786913.8241213254
563932.0565681311 344567.99800396577
101710.53440683086 129752.08823974016
769352.2479497135 569262.1233623463
879942.367513534 782034.9047685971
231786.15951513115 808443.993956573
704820.3377251917 413158.3710264408
807975.9545705098 960572.4963472686
205753.43572375638 621492.0282732599
895007.8652418449 462674.19513806293
933778.695090804 514310.92720184225
570371.8792263463 515791.9393221194
903579.7847318101 348617.1583331026
502883.0478839794 696035.8992039444
351022.1072352562 906033.1147989493
499839.738581764 704114.0771726656
1372.558973266269 648451.2737414237
899066.8973628065 228459.35209782643
679061.2181808663 347253.14020189556
311818.6867813665 104068.31637188562
281539.1907860438 657952.4021535305
578675.7868937162 313584.40034642257
294661.7344999205 971150.5438755068
687745.6557593709 656017.0813080186
572682.4816028262 188178.93017430953
136901.31678280348 259219.82732871463
576350.4125099384 293415.3996463046
390813.145842112 758232.8298672664
301360.01857174665 938313.8074205787
698759.4372323871 422383.65220269933
376006.0866863202 234285.1201700009
63390.32787716048 323083.4163774269
38034.52715739919 436188.04102451494
393709.7322678186 864124.9328050849
260667.86471402948 481415.50789933716
487215.2161728545 683448.5454112694
31708.945134602316 764559.6041674075
890386.491833315 4632.141458289718
530966.8745277433 204825.38373002756
452526.49695753265 141356.478122033
983420.7727684653 82909.66509606146
300445.61609654775 9363.820865430638
94645.52868680742 319457.2347710064
703504.5922675149 554607.8200586247
994926.7301127698 93264.4968760381
698970.1207075643 732223.2634129757
627866.600612006 662147.7310699486
455971.5726682103 991113.3922635601
581694.6718183276 333706.792116272
496905.5824878075 542958.1351737544
90355.6467191986 264664.1244702775
237857.8336880427 705203.8508313815
920835.2086864845 979784.834236173
162291.15883230028 288300.07107765
845769.2604103733 740442.7347834151
801905.1177863793 799483.9696824464
248189.95980657032 172160.2267072695
803797.8584215675 401766.5108686197
305501.62006430427 861953.6293520604
324952.3263502608 717962.5329158948
223084.8292944103 502202.137458971
41185.025844777345 573132.5761926345
854850.8219910722 815278.7292991636
325545.27311824897 133857.0435283043
264298.6631414822 874393.5166631583
222972.663189129 569258.6053563752
42115.408636415494 73167.99249500783
682781.6071452314 47728.00619334971
415186.2909444025 223415.33085517352
320571.2416806643 459185.87480801676
565997.3220978728 29944.142865706235
624183.0779905237 337883.63887636986
303218.7668344177 363790.2713159612
111783.54621792419 881091.8267089033
715711.893788078 576151.5479377491
795998.2769794359 924292.1291062603
436129.87123803224 515784.9855744859
902801.9773816258 956420.6009214749
227821.64162890406 199841.33810593106
400489.95770724514 784040.1701892837
315350.58913600165 175404.2141412604
769701.6591015676 202014.41733406077
666675.8325635951 923996.7883924479
743383.7686042608 70168.05921377422
589969.3247404604 883194.6842648765
51375.93452821288 515906.5098526647
561378.9335107772 564071.8126228141
582961.3039964644 875217.909278979
295427.356173784 9568.929304683226
187985.60360285154 795318.3169337531
776572.890628723 974510.2215215462
345904.62673416245 259732.68508192705
876521.9314421427 80298.4354211278
832574.4511522366 277112.8302845525
572436.9223343811 677117.8585798175
288487.72501267237 490928.2894633792
610941.7951082004 477686.9218515978
6851.905301827665 706933.5439046613
527298.9224201647 484163.613164837
893897.7764567096 49403.46167770804
703934.8543675093 832727.8692512192
64936.46917615126 156856.6162400803
524275.69181455014 868882.9584118507
792086.1553593826 786606.4923707509
495363.33367810515 558759.7318678317
271390.30512203835 754066.9776714327
562623.2098662376 900236.3590193936
463340.6514506267 178834.75519707915
716594.8157903361 906053.1737389899
216296.2790490761 319605.3986290299
982432.0453376408 527345.2843628995
947596.5505864292 179670.8215120155
521496.6636784618 492518.8700265408
377061.6126539041 244328.30606579004
341370.3041663887 712045.9981306058
47140.289050572996 851340.2468141284
428027.45216360386 131623.65522407726
142465.30987764106 566519.3269121639
495364.25923012407 145838.13534573297
816958.7615698731 116110.99497120503
205163.5189014265 457460.8803332516
833899.5817162624 786161.6884689394
561662.7745109019 60929.61832354726
425539.00335560535 352482.56558095105
140898.99374809078 51335.67060209609
670798.1139233959 273348.59265617974
49254.024025922496 163908.4161445905
704481.1614661153 98044.40513096057
574136.9929066295 16233.068617429013
518822.680978514 532.972878789395
912627.2556599282 402629.86876401474
318363.1398268787 943025.9051816504
607179.9595732476 827659.4623367364
209344.5993399794 377877.1958526841
126300.67966424441 887005.8860702732
980282.9736391309 409113.2392306307
633516.869039887 563553.7602275069
786733.1289840218 79334.78684013306
368198.20635216107 504599.68678053323
345234.6939220957 949314.4670866047
877987.8801700141 601574.0008516219
17557.252203734275 675519.8410455075
966498.9131896396 596121.667918656
527527.657947161 34809.32922018165
816410.1801071322 75889.96364699985
367619.2338205266 749596.9074755483
978559.2014251029 220799.23580347892
999760.9505695107 104025.46412317382
932151.0605928849 589499.5838794989
20739.512353526778 94831.04316204938
742188.760113763 783207.5387995212
108128.17037190081 308981.8250764489
814501.0704178561 616300.0136509164
900553.3866014566 294628.302983005
809122.8251858277 795591.0187167637
581072.3076840412 317006.2179287631
48897.49783869713 559107.1506063892
799588.662001054 43754.6990935761
177397.27573719 12470.17772166803
495469.27344793535 709291.2090476548
94846.33309244527 665441.3551230915
547393.3721658491 66340.23415555868
206944.77875311134 297227.07533676527
333660.7634557044 552374.3564097638
133930.4944110191 279797.5604116707
192829.10568159938 803521.5982562883
826803.01807657 446409.0034980972
993794.4845395089 445693.1370621039
630491.424563859 857311.3933607419
761772.6302953713 100382.09223419492
686292.0416020547 752356.4859870429
452115.5690953211 130010.71893712346
383332.78742938716 680966.8271527305
45084.160389751385 464100.7143890502
172332.11581723206 865890.573339742
212250.03603038684 857452.9079255481
513899.96220849024 247590.91793089826
690467.6524977778 365215.0438554923
901398.7623116472 643815.4351927196
648251.0285406109 792214.7840702189
898582.6221634948 997266.6843010521
936253.6781454922 67973.51068897039
695426.118782405 248502.860711452
191924.7439887748 46058.16567012388
963737.6428659698 966891.1423596547
98265.33665412296 852440.0771457099
356883.82154103514 350715.6385664374
33403.47043034886 698569.5211109264
187657.31431353372 157871.42671674825
760191.1544862405 731929.2829600229
242152.42843286876 519035.5447254593
497637.15255332517 488145.86718371056
679004.1505794117 918778.5831305599
729694.7197087341 352841.30416028824
781748.1509212097 291056.52028676454
195347.93915443783 266838.0601629562
169435.95574324045 549158.3099946786
600277.444074436 35149.66411010823
495346.04789079505 676234.7057851272
67109.53920409735 813740.2911864417
568635.1149959161 683318.075821648
266034.5589596856 748178.4883805359
937676.4681419923 580184.7097557718
372012.90731098026 951510.373143801
272550.4471242152 887294.4781333592
334977.14276816795 455017.4768607669
403229.063954207 194647.75018166858
700294.6500370348 151642.67048887847
207929.47921797854 382210.4608870531
373722.2735873016 544511.8706763765
586974.3746720708 726879.8986462607
135910.27454439175 819384.7109664801
99867.02518925106 15170.655288093914
215493.23477930992 618559.9835203041
93796.69588900352 761989.5951308605
554461.8009203435 287414.1160357376
136103.65149753622 209608.52724788437
123680.59756027638 520109.9294132262
806619.8908039446 345948.1552576433
965034.9119960064 833514.0278426358
748053.4635984729 844975.915417401
729168.8809040949 85376.84121388356
874575.1808168464 104188.53418931551
114737.48885723134 293216.3644514175
56593.54666208838 690901.9640243555
768522.4680904228 680358.9442097753
784158.7872754367 927259.5576099695
496096.0275134431 793699.1444045556
831658.7579461362 356700.376000337
128270.37891702131 389367.09352380806
589079.6607380012 97958.86599578064
753746.0013137895 759585.9425769956
482076.54480389017 68609.25083585446
107429.52838053588 8916.823448975709
759040.3452768845 581056.5561098207
439649.2692365849 586426.2638568422
238184.60081296245 130314.86455891716
328318.3036038727 579859.0051515353
782679.1201671072 689233.7771007665
908470.7143957402 668275.1616599866
509372.82582269184 756932.4346042272
666549.2384333373 226058.47462734953
631539.9118174188 452866.8087251767
789856.7744684954 600736.1947004793
278805.77973514807 522811.31128755445
239421.32592921672 459040.61970230745
247633.21044230368 935336.0648622194
316526.4326726086 435692.3093159013
990295.5874692283 746526.5470961978
299354.14915910177 472558.65938765474
640623.825847505 551047.5651863796
655005.529440155 498633.7108670627
726642.7622978868 858614.6238925399
670848.5797490978 586222.8594081093
583763.7967213393 399704.56373404094
298509.66612979624 68866.58836124936
310178.91497808124 760326.9514050599
212140.53987435534 517544.0158541265
596191.3195892577 349990.70300232084
466184.3757900001 248283.78662131377
861066.9109744735 28343.196651812064
843600.3824373534 600812.427366405
289852.4705221793 929944.1795525148
952277.9979055978 581938.9756624604
465070.5348161206 674080.6836666596
139945.79218653293 367550.46001884807
392091.24847434595 977353.7813269978
784407.4011315008 321600.6369440548
817458.4602330746 609978.9577379717
545906.1348287489 107371.09100516107
163954.46404479886 892106.4978632141
336792.00728488836 708449.0695606753
910629.709318881 602394.2617707452
555084.2211711394 719130.6794964758
350924.77792295284 760494.415764936
856638.6419292124 593926.221838296
780193.6943987261 884558.5615911934
375788.67931341997 6638.939648189735
630928.3189176739 877155.2899091647
455690.82207189983 739870.9854275923
389687.29408837575 247154.2082771898
536022.8730970159 183798.28845693148
952993.1999279809 953676.425961558
332614.904691551 792993.1824669031
515715.8843560684 662256.910749321
632595.6191433916 617733.887478529
450589.2771167541 493337.35635067
699430.8693655733 181911.92248105636
123744.63474602415 846898.0958764929
597738.803893383 743367.480793216
259876.9560875579 696537.2412664954
492355.9711146138 370347.49728540017
215983.66182410135 25227.63293765451
850357.1220210685 2449.058460112119
219492.4332315269 861831.6036653685
898845.4338169532 205318.94743288893
214296.3301428752 370299.82524290786
795778.4573249792 631951.460919234
426225.9463419944 139057.06806925123
129824.03842728851 553060.8422795427
63253.04070582449 654246.3181455372
688942.3644936235 465285.6266065644
696304.834981303 102990.0358315664
243297.06385870255 87463.68225790358
189570.14260363282 758702.763374531
436201.6120629592 583419.2768334586
395086.6926231149 261054.79945210763
385371.06415939494 957864.2996034172
723694.6364029964 129407.31319880494
144884.76731897547 987916.1787974379
976812.8675222602 812833.7423530612
604543.0428186869 94686.36153170973
605814.5242129702 966812.6747971918
715196.8653979826 801344.2659100299
323894.8567508736 157953.18325607377
306156.6508977175 894777.312359762
663394.463321322 784252.200587004
879741.3659007886 607077.6507364378
995807.7892641695 631401.3013421692
504049.8210304524 538992.1136955766
821767.1672376908 886701.2936261931
814674.3813605703 632408.0347346581
179754.69496602658 29592.771397475957
275348.6357233496 162152.05051799453
432977.3831383365 969082.3491154866
264573.2506161798 27023.917069842308
385643.5064004704 4712.2486596492545
110416.15198954724 852254.5569689908
447275.14751250343 210819.25622918995
594251.5569427056 753569.6348201215
651542.1946542502 271812.59319175733
571872.4733813087 467367.6992153138
963746.2190083844 813580.2763555449
848914.5807996056 770802.588728017
455503.84921692923 141649.49654213866
291419.1532933763 509592.83353147743
118543.44518806381 122304.68125060378
342416.99922155845 718265.1912318553
820196.3988038962 483792.0412751675
614333.632323607 772587.832144354
844705.6133738164 553191.9189120503
597032.2895104899 257138.60379474473
277769.8158525129 446537.54034765036
850988.0677592815 976051.9204749304
885718.6929452111 746493.9344855722
335923.597203396 521845.68332430214
599893.5507557825 66959.56831376637
672427.6274763562 269796.2429560131
850076.451404172 227734.08934101003
279979.83876837464 15726.786561585548
783518.4710488657 114414.28983338464
489562.8815048951 55863.03231823952
238820.32631159446 879003.2091181817
802115.1516115045 784048.7696073947
285466.3091519941 804032.4564219984
931090.8025598223 427929.3704311026
773031.488439318 817831.2746176723
971144.6185801462 296301.0196699021
89525.41242456957 835468.1857322769
213678.12056131708 966593.1986743647
605434.7503659639 166105.27147802568
13051.915790790792 579398.8070525003
311502.7483710848 937267.437058043
104725.8622830045 971440.0954225968
738037.0251451753 333300.84518524894
738304.2740154639 22918.149060245807
525010.2798874895 856224.7766117072
7087.503863251188 230348.74045176935
357184.5251260668 472305.4698464769
783699.7416126874 293555.4267026087
394753.1127993239 404881.73633028613
591503.1660530672 929701.8207659691
697761.5822108525 50796.64952340812
248267.09274525382 646896.9311999062
457209.14330268593 483447.14987491624
883972.1971373048 769698.2517980913
676201.4702433189 601093.6575023292
122301.1403843055 457664.54398062674
741075.0317399349 809546.6639017542
430975.41842647566 432340.85302889335
447228.74169688864 309119.12279377785
616024.4684170627 741091.4280847907
128305.62408084334 88274.44037310717
378060.0436730647 982820.6774735207
354449.3400797105 667172.168601972
252026.34828122516 267571.60907257773
498879.31680409505 910557.4742697764
158428.26885055494 726568.1196350293
966354.4787026142 604404.0775449971
329597.572347601 838966.0243975394
508317.86072927254 304185.60080607684
767071.1980512913 132518.88278513492
526339.7808854077 972943.9038603326
425235.95977766847 56653.759923995574
524037.46685187245 657432.8429222986
672544.8569128342 263560.107019808
630362.7731558069 387819.82571040874
40221.272536560384 141227.17465351443
297574.576077933 626372.3507093714
727378.9635403989 938938.0749219143
501390.6463675932 721776.0543204709
899021.617561639 123183.37885353182
989729.6689340044 825480.6443050696
450986.4439348145 22460.2812624386
339327.1463976014 628749.9471875018
503891.9711114456 923741.4823903805
41766.98251322885 471942.59937923896
636683.6695438579 163541.11006870543
257335.4656342972 985922.5749777937
582921.5092563764 781324.979639143
204721.55794595537 860881.2413720083
356717.7965654501 156020.80826753774
988910.3236303149 697649.5075923622
225817.59139331424 288198.9612609276
915056.4279370471 357606.9748570235
618753.1194250969 588814.5096986368
94221.385284048 364839.4674408808
367631.9690319869 229449.28459675895
108799.73131733545 361770.4948154403
401566.9021772237 55372.183479410305
105906.89540880604 202071.8052596725
973234.181862023 899993.7117802489
768144.6792806247 922129.4608713906
696448.7321058905 333189.7295098041
582198.9126978528 162078.27801568864
73525.67872887061 166814.51009827497
724341.8215314528 188443.20582865493
62885.69377331332 755354.2959784574
657138.145782786 280883.54251784354
541156.7619314926 983099.9627614237
801226.0464268201 699190.18924094
795999.7069944869 704343.9717972692
305842.621959986 380394.82150748017
651391.9509332253 445566.81144220824
750310.5140065538 468810.1914063257
524470.269574143 928194.6320566584
342566.1515359084 397124.33019071736
87380.06677356103 556633.1925448802
44632.89647537483 428194.54375740996
220677.65237882375 146291.87961974755
850815.8585961363 224312.4702335173
570742.8236921006 502853.88461926015
490103.48225247837 448222.8546434441
893324.2627886675 787036.2670009106
633158.1299425157 190809.9577599297
739496.6770154035 928981.9054941535
399270.71231693024 706375.8800872179
532179.784077404 603867.6048430892
359648.75689360977 339597.81603093195
913164.6235370293 332641.9573517404
27588.745290481053 27838.966061258685
132100.39984439826 233854.84261471446
950761.659762889 561036.0111652577
299335.6204612786 980997.8103360322
2087.960661472432 680111.6141593412
235535.8825313507 207361.24469993965
637024.3378359566 234313.70321367928
427258.36263730313 874894.4151478644
980074.8440802635 275598.39096576086
405747.7722779317 461242.10934335797
73430.7461254755 507193.9459293271
287763.94860877044 517945.32609399693
850688.2249001188 873869.098076783
734334.3901059343 552085.6879458238
140425.77216246322 580924.5866672453
22283.979716770762 24894.47677473
122051.7079312421 100445.05635293933
993921.4068460555 239024.67133383153
467470.0576320524 679505.5209253298
566404.0525470496 723694.626412215
73125.76191654275 682677.2003119731
513519.9299059351 862598.3992994365
575126.6455798517 470808.34757088067
988014.9984345058 658391.7760687831
139476.52602141848 337779.7776030063
462795.77020868124 44996.73289048856
400566.63214998523 173.27992690363558
178658.49050625227 260517.98330617105
737676.9636498733 128646.09823310135
719157.4695901215 379387.8462663002
369954.245464148 169469.2669361183
728853.822159887 658384.7329313518
457448.5381911207 466489.268450389
89900.9465475058 29230.01328594721
302264.12371685164 708606.2574058424
193094.20349211092 582418.6696497694
444771.2722225049 574780.560834691
136974.23757375625 58865.42996971489
247824.8080985179 642899.1241603874
393611.17162979196 448558.46521759254
786400.4698262184 438977.78974900534
180475.57847602558 622138.8679659138
648777.2678524205 9081.930286451989
92591.46736160362 86122.1908168448
130393.99230829685 928398.1223399123
211434.8042769695 184510.18621031757
270675.3140684214 228353.9513523646
366477.2125419814 552213.7738111701
544142.2951209778 9941.928100071884
528422.7553507534 279251.5859889144
507722.28027174284 274271.85792797914
994486.399556524 983443.6905823129
433433.18552267883 350808.62682257453
335735.4035678823 803825.7928131422
79029.42918719901 262317.60657039384
179667.24704368963 221874.14653504879
484834.36631171 148195.07193461657
353047.4891284138 558735.8233318268
522330.72963042225 320121.1587317746
47959.18962406831 923824.9283686106
590643.9317726213 628720.0372638648
663438.670765079 501852.7472343557
824264.8398769029 279297.0878327712
260829.1932030108 248526.18435939256
712855.0711503228 615478.9688248525
571365.5870160041 452326.51219085406
150969.83187162882 572658.4656356454
470625.03211082716 397067.5448398647
652074.3891594341 443020.1980508126
628369.696771873 972220.8460456141
750467.6273865015 699095.5441447605
480336.8123281162 148632.32924430582
237071.68361781127 337440.28540639416
250462.19387263348 596945.9376006927
722398.8718004909 674908.432154183
404245.23377342167 188755.31691649772
133688.21199260483 992230.3921857144
68817.41088841575 256101.9483426451
105755.87307860579 770369.969138758
755634.306149399 173253.4614174034
929765.8318028523 102605.59687568704
380427.7103451974 310120.0124255793
294921.36817812955 777264.2660707217
134614.196016839 230772.8746556107
691396.6170209931 859576.4243635416
497971.7506899972 728352.266353904
521749.01159434585 501057.43551700166
432302.95183674427 433542.7494902583
637008.2799150733 166413.94836342338
970460.192969208 134276.2334600861
7323.643286074044 618986.7422222527
925221.638304345 578297.3056045215
365030.1034943815 934156.543443999
903570.2519787254 950532.9781866234
768409.5831231895 641910.7136408949
373363.51360950014 3229.6316938792424
719058.4420267034 590262.9096475237
709398.1324225926 308095.7989449314
717999.8900525138 984799.001520335
374401.04346265114 825648.1253254858
579539.2207838823 878979.9700206502
156084.3302562367 299530.60370732966
70834.6536427058 821163.3229955214
736669.5725000578 701700.8202893507
289384.51879525674 837733.0467957823
906008.5076523208 363736.9277482243
409329.59539124725 174769.18439717538
968888.067958529 64116.23661122712
288352.10389524465 225603.31481164787
953113.1066551211 555614.1040449817
705582.3177617895 565504.3700856137
470941.350403025 924838.6414604551
884370.4535782838 648618.7206214248
576163.5335527409 674659.5855827047
582700.1698802144 137222.14847441073
52697.82338285345 36541.624553759866
969209.1651104576 821234.9186192293
297086.3440177643 247404.43556264802
904964.2478449643 51085.453716239404
761617.9075181094 61084.93471498544
911407.0751297743 808095.2502544373
227617.01733829465 991443.8096415608
41428.325992017955 34752.72153103282
623194.1698339377 116079.56697945476
39308.75123278721 899963.8639230933
863826.7382982131 607732.4331125434
841221.4661628923 217085.12938238712
979477.0975687988 129916.920541975
497393.93094632786 141015.02917905006
268030.8009433041 95481.51172515874
303702.11210075306 698971.6107956036